1.2344999999999999e+00 9.9999999999999995e-21 0.0000000000000000e+00 0.0000000000000000e+00 1.0000000000000000e+00 1.0000000000000000e+00
1.2344999999999999e+00 9.9999999999999998e-20 0.0000000000000000e+00 0.0000000000000000e+00 1.0000000000000000e+00 1.0000000000000000e+00
1.2344999999999999e+00 1.0000000000000001e-18 0.0000000000000000e+00 0.0000000000000000e+00 1.0000000000000000e+00 1.0000000000000000e+00
1.2344999999999999e+00 1.0000000000000001e-17 0.0000000000000000e+00 0.0000000000000000e+00 1.0000000000000000e+00 1.0000000000000000e+00
1.2344999999999999e+00 1.0000000000000001e-16 0.0000000000000000e+00 0.0000000000000000e+00 1.0000000000000000e+00 1.0000000000000000e+00
1.2344999999999999e+00 1.0000000000000001e-15 1.1102230246251564e-01 1.1102230246251564e-01 3.8951098465022538e-02 3.8951098465022538e-02
1.2344999999999999e+00 1.0000000000000002e-14 1.1102230246251564e-01 1.1657341758564142e-01 3.8951098465022538e-02 9.1013466117262354e-03
1.2344999999999999e+00 1.0000000000000002e-13 1.1546319456101627e-01 1.1546319456101627e-01 5.0914240362343044e-04 5.0914240362343044e-04
1.2344999999999999e+00 1.0000000000000002e-12 1.1546319456101625e-01 1.1551870571224751e-01 5.0914240362354146e-04 2.8617952856135886e-05
1.2344999999999999e+00 1.0000000000000001e-11 1.1551870571224752e-01 1.1552425682737065e-01 2.8617952856024864e-05 1.9434492220860022e-05
1.2344999999999999e+00 1.0000000000000002e-10 1.1552203638132140e-01 1.1552203638132140e-01 2.1351419010606776e-07 2.1351419010606776e-07
1.2344999999999999e+00 1.0000000000000003e-09 1.1552203638132139e-01 1.1552203638132139e-01 2.1351418988402315e-07 2.1351418988402315e-07
1.2344999999999999e+00 1.0000000000000004e-08 1.1552198087017014e-01 1.1552201417686088e-01 2.6701026090147906e-07 2.1304409569822269e-08
1.2344999999999999e+00 1.0000000000000004e-07 1.1552171219619818e-01 1.1552201195641483e-01 2.5927486027033098e-06 2.0834314273798782e-09
1.2344999999999999e+00 1.0000000000000004e-06 1.1551901379913683e-01 1.1552201167885907e-01 2.5951042154415127e-05 3.1919078491426944e-10
1.2344999999999999e+00 1.0000000000000004e-05 1.1549203292604554e-01 1.1552201146236557e-01 2.5950716440825694e-04 2.1932362592735899e-09
1.2344999999999999e+00 1.0000000000000005e-04 1.1522220054516191e-01 1.1552198587949641e-01 2.5952731095825188e-03 2.2364773466510002e-07
1.2344999999999999e+00 1.0000000000000005e-03 1.1252157560714954e-01 1.1551942805265719e-01 2.5972851961462817e-02 2.2365114986100387e-05
1.2344999999999999e+00 1.0000000000000005e-02 8.5286041228216328e-02 1.1526366999764498e-01 2.6173341373173598e-01 2.2362986434426579e-03
1.2344999999999999e+00 1.0000000000000006e-01 -2.0893464369704615e-01 8.9933429162472545e-02 2.8086132728641870e+00 2.2150395559442326e-01
